energy mue mumu mutau
0.05 0.08576033301310054 0.8786603385845116 0.03557932842746483
0.05023102106734062 0.09306953617337721 0.8455888554340322 0.061341608401145005
0.05046310954935236 0.1023197011027572 0.8016278808623232 0.09605241802751448
0.05069627037794076 0.11317785483872644 0.7481842692704792 0.13863787586840573
0.05093050850779878 0.12527363944073872 0.686908717736777 0.18781764278655225
0.05116582891651224 0.13821150918514416 0.6196411526820782 0.24214733808509536
0.051402236604665454 0.1515831055757096 0.5483527643522982 0.30006413001454224
0.05163973659594757 0.16497943656169847 0.47508651876063895 0.35993404461287326
0.05187833393725929 0.17800251557926247 0.4018979199076088 0.4200995644434487
0.05211803369882008 0.19027615348890112 0.33079768997972264 0.47892615645949527
0.052358840974276004 0.20145564038792285 0.2636978883691431 0.534846471171424
0.052600760880807916 0.21123610280981947 0.20236280905437046 0.5864010880672906
0.052843798559240186 0.21935937317110382 0.14836578786067037 0.6322748389050807
0.05308795917415 0.22561926075665867 0.10305282429454829 0.6713279148933442
0.05333324791397696 0.22986516542504082 0.06751368484354392 0.7026211496857675
0.05357966999113355 0.23200402510516802 0.04256091338336393 0.7254350614772769
0.05382723064211576 0.23200063476536453 0.02871693666777024 0.73928242854567
0.0540759351276144 0.2298764167936448 0.026209225164648138 0.7439143580345237
0.05432578873262691 0.22570675978263605 0.034973257330992 0.7393199828939091
0.05457679676656957 0.2196170739300147 0.05466284349664921 0.7257200825959134
0.05482896456339049 0.2117777362398369 0.08466719762380893 0.7035550661739007
0.05508229748168281 0.20239811724063456 0.12413400413745126 0.6734678786740032
0.05533680090479866 0.1917198930235789 0.17199761463503505 0.6362824924072134
0.05559248024096354 0.1800098522264548 0.22701142651204653 0.5929787213399229
0.05584934092339115 0.1675524074821584 0.28778344244186993 0.5446641501655621
0.056107388410399 0.15464201528290694 0.35281398548786863 0.4925439993283065
0.05636662818552432 0.14157569775956724 0.4205345479571929 0.4378897543899559
0.056627065757640566 0.12864584519742656 0.4893467808785225 0.38200737403631596
0.05688870666107456 0.11613345991948347 0.5576606826486628 0.3262058575475536
0.05715155645572395 0.10430198121085296 0.6239311170042896 0.2717669019017944
0.05741562072717555 0.09339180798772444 0.6866918788186352 0.2199163133095334
0.057680905086823886 0.08361561167186897 0.7445866279081189 0.17179776053276946
0.05794741517199052 0.0751545069275371 0.796396122605766 0.1284493705742367
0.058215156646043834 0.06815512321586456 0.8410613028884328 0.09078357399613439
0.058484135198519256 0.06272759612501912 0.8777018940112362 0.05957050995527341
0.05875435654524037 0.058944474678018235 0.9056303227789118 0.035425202624209666
0.05902582642844024 0.056840519760191624 0.9243608568781885 0.018798623431050387
0.05929855061688346 0.05641334982159718 0.9336139905299528 0.009972659705168512
0.05957253490598879 0.05762487338781977 0.9333162048346015 0.00905892182087788
0.05984778511795216 0.06040343386611635 0.9235953266994178 0.016001239463888504
0.060124307101870604 0.06464658079146571 0.9047717946336231 0.030581624590236424
0.06040210673386641 0.07022437307245788 0.8773462118464563 0.05242941508252632
0.06068118991721202 0.07698311395300977 0.8419836262260906 0.08103325980880043
0.06096156258245553 0.08474941422274358 0.7994950225182255 0.1157555632341407
0.061243230687546564 0.0933344795501476 0.7508165442941416 0.15584897611890805
0.061526200217963074 0.10253851949676278 0.6969869823608899 0.20047449809479825
0.061810477186838415 0.11215517957520812 0.6391240726356213 0.2487207477322642
0.062096067635089194 0.12197590338952333 0.5784001409616243 0.29962395558405974
0.06238297763154348 0.13179413917064695 0.516017615850673 0.3521882449076411
0.06267121327307 0.14140931360880238 0.45318490383205684 0.4054057824835898
0.06296078068470753 0.1506305054990622 0.39109308723451286 0.45827640718819757
0.06325168601979515 0.15927976206877822 0.3308938621649097 0.509826375687201
0.06354393546010294 0.1671950116673876 0.2736790865719064 0.5591259016825162
0.06383753521596328 0.17423253750497558 0.22046225599913988 0.6053052064204217
0.06413249152640302 0.1802689880797006 0.17216216932993592 0.6475688425193007
0.06442881065927589 0.1852029106113241 0.12958898984534747 0.6852080994782817
0.06472649891139576 0.18895580399912135 0.09343284952937822 0.7176113464138608
0.06502556260867046 0.19147269737589995 0.06425508793963973 0.7442722146355858
0.06532600810623605 0.19272226909087167 0.04248216218614812 0.7647955686839941
0.06562784178859216 0.19269652880892796 0.028402212574895926 0.7789012585880335
0.0659310700697374 0.19141009227436107 0.02216422009187405 0.7864256876171807
0.06623569939330583 0.1888990840959145 0.023779647808328808 0.7873212680912244
0.06654173623270375 0.1852197086336763 0.033126419020743224 0.7816538723534595
0.06684918709124732 0.1804465326995171 0.04995505090349585 0.7695984164173527
0.06715805850230079 0.17467052633633276 0.07389673391868685 0.7514327397777313
0.06746835702941531 0.1679969094512795 0.10447312433851368 0.7275299662549863
0.06778008926646839 0.16054285259812504 0.1411076000141906 0.698349547443997
0.06809326183780409 0.152435079799758 0.18313771788463354 0.664427202382749
0.06840788139837359 0.14380742005431535 0.22982860547308223 0.6263639745496943
0.06872395463387686 0.13479835216531688 0.28038701749833467 0.5848146304223795
0.0690414882609046 0.12554858487393722 0.3339757923841633 0.5404756228357187
0.069360489027081 0.116198711049887 0.3897284514788147 0.4940728375716128
0.06968096371120713 0.10688697101837336 0.4467636957425207 0.44634933334459204
0.07000291912340487 0.09774715606614677 0.5041995700337334 0.3980532740094105
0.07032636210526184 0.08890667887962707 0.5611670834130484 0.3499262378188866
0.07065129952997667 0.08048483321844348 0.6168230945613058 0.3026920723326478
0.07097773830250508 0.0725912606088889 0.6703622939498003 0.2570464455531303
0.07130568535970644 0.0653246373388378 0.7210281382902576 0.21364722448066753
0.07163514767049153 0.05877159062454782 0.7681226175281448 0.17310579195358605
0.07196613223597034 0.053005848569739604 0.8110147597504018 0.13597939178139357
0.07229864608960096 0.04808762450827291 0.8491478044147587 0.10276457117250652
0.07263269629733904 0.04406323256480158 0.8820449988633998 0.07389176866017241
0.07296828995778783 0.0409649278246256 0.909313996789702 0.049721075465871185
0.07330543420234921 0.038810961408189265 0.9306498598611976 0.030539178801764027
0.0736441361953751 0.037605838021065624 0.9458366847832138 0.01655747725701893
0.0739844031343198 0.037340761213123706 0.9547478974830439 0.00791134135471777
0.07432624224989284 0.037994249638645616 0.9573452736147031 0.0046604767866010146
0.07466966080621261 0.03953290606362429 0.9536767600918745 0.006790333873223444
0.0750146661009609 0.04191231971093134 0.9438731857447178 0.014214494561712832
0.0753612654655378 0.045078081757241505 0.9281439604176985 0.02677795783102653
0.07570946626521759 0.04896689338012545 0.9067718708544381 0.044261235760154796
0.07605927589930522 0.05350774567836976 0.8801070885738138 0.06638516573153891
0.07641070180129349 0.05862315102827847 0.8485605096806427 0.09281633926423337
0.07676375143902112 0.06423040596530286 0.8125965492503201 0.1231730447475314
0.0771184323148314 0.07024286646386471 0.7727255136888855 0.15703161980107908
0.07747475196573157 0.07657121749681783 0.7294956734215324 0.19393310902693367
0.0778327179635531 0.08312471995722129 0.6834851555487447 0.23339012443158785
0.07819233791511233 0.08981241938616863 0.6352937718884866 0.27489380865612106
0.0785536194623725 0.09654430243887281 0.5855348922610044 0.3179208052252113
0.07891657028260585 0.10323238860531267 0.5348274661480851 0.3619401451670171
0.07928119808855684 0.10979174635129316 0.48378828814608815 0.40641996541947006
0.07964751062860613 0.11614142453128823 0.433024594111245 0.4508339812719154
0.08001551568693503 0.12220529161978384 0.3831270657456321 0.4946676425477837
0.08038522108369117 0.12791277698732073 0.3346633117607386 0.5374239111649708
0.08075663467515451 0.133199510089106 0.28817188385070464 0.5786286059742687
0.08112976435390434 0.13800785501727797 0.2441568756634024 0.617835269235535
0.08150461804898704 0.14228733937592752 0.20308314292264837 0.6546295176207826
0.0818812037260844 0.1459949778546116 0.16537217296046855 0.6886328491084872
0.0822595293876831 0.1490954921899574 0.1313986222893873 0.7195058854494134
0.08263960307324472 0.15156143040564346 0.10148753158865419 0.7469510379404734
0.08302143285937646 0.15337318930089705 0.0759122186900109 0.7707145919507098
0.08340502686000294 0.15451894511154363 0.05489284191040185 0.7905882129272351
0.08379039322653838 0.15499449809299853 0.03859561845846487 0.8064098834058847
0.0841775401480601 0.15480303746949478 0.027132675692236336 0.8180642868042841
0.08456647585148239 0.1539548337600255 0.020562506769077386 0.8254826594460122
0.08495720860173128 0.15246686593083508 0.018890996733473622 0.8286421373202494
0.08534974670192037 0.15036239114131247 0.022072980350566637 0.8275646285023851
0.08574409849352699 0.14767046504966858 0.030014289018695038 0.8223152459356925
0.08614027235656968 0.144425420733722 0.04257424087788904 0.8130003384022089
0.08653827670978623 0.14066631426732557 0.05956852575901849 0.7997651599972067
0.08693812001081251 0.13643634488292375 0.08077243486780092 0.782791220282351
0.08733981075636227 0.13178225745406183 0.10592438403918944 0.7622933585490632
0.08774335748240754 0.12675373475685428 0.13472967899457344 0.7385165862997534
0.08814876876436027 0.12140278662665539 0.16686447124546716 0.7117327421875105
0.08855605321725438 0.11578314272398792 0.20197985406676933 0.6822370032767882
0.08896521949592887 0.10994965517213384 0.23970604926147118 0.6503442956412375
0.08937627629521176 0.1039577168363429 0.2796566372045535 0.6163856460405791
0.08978923235010479 0.09786270049077492 0.32143278483409493 0.5807045147626039
0.09020409643596913 0.09171942357224688 0.3646274287974418 0.543653147723041
0.09062087736871183 0.08558164265805825 0.40882937380624484 0.5055889836327828
0.09103958400497311 0.07950158123595333 0.4536272693519629 0.46687114951274483
0.09146022524231469 0.07352949376490503 0.4986134312301324 0.42785707510839643
0.09188281001940857 0.06771326846267609 0.5433874777689911 0.3888992538736076
0.09230734731622736 0.06209807070526811 0.587559754204276 0.3503421751967669
0.09273384615423491 0.05672602839019649 0.6307545222425771 0.31251944947367005
0.09316231559657798 0.051635960104694345 0.6726128954698951 0.27575114453111793
0.09359276474827895 0.046863146454890314 0.712795504845128 0.24034134880412134
0.09402520275642912 0.04243914445678714 0.7509848820390235 0.2065759736059535
0.0944596388103833 0.03839164446667188 0.786887551801481 0.1747208038304317
0.09489608214195501 0.03474436873988325 0.8202358278357554 0.14501980351905036
0.09533454202561259 0.031517010354069716 0.8507893098013707 0.11769367993462934
0.09577502777867639 0.02872521091736331 0.8783360820374304 0.09293870713000663
0.09621754876151656 0.0263805752036981 0.9026936173734353 0.07092580750175455
0.09666211437775224 0.02449072061700943 0.9237093919647228 0.051799887490710406
0.09710873407445125 0.02305935918288222 0.9412612194381215 0.035679421444451236
0.0975574173423308 0.022086409599691267 0.9552573147571236 0.02265627570127629
0.09800817371595927 0.021568136750283077 0.9656361001034125 0.012795763196647818
0.0984610127739586 0.021497315978586506 0.9723657667278276 0.006136917335844188
0.09891594413920819 0.021863419371414856 0.9754436081410159 0.0026929725215042084
0.09937297747904912 0.022652821252509128 0.9748951412011754 0.0024520375717232935
0.09983212250548965 0.02384902009147172 0.9707730326151941 0.00537794731017959
0.10029338897541168 0.02543287405254413 0.963155849105542 0.011411276850099444
0.10075678669077785 0.027382847455035116 0.9521466500219705 0.020470502522540294
0.10122232549884018 0.02967526548616903 0.9378714414960094 0.03245329300877527
0.10169001529234904 0.03228457459603079 0.9204775113686516 0.047237914017869774
0.10215986600976354 0.03518360611063405 0.9001316640697493 0.0646847297939118
0.10263188763546259 0.03834384072075245 0.8770183744133766 0.08463778483224221
0.10310609019995716 0.041735671638504515 0.8513378789013516 0.10692644941882465
0.10358248378010343 0.04532866435893235 0.8233042226220417 0.13136711297042034
0.1040610784993169 0.049091811117251395 0.7931432791948393 0.15776490963237982
0.10454188452778751 0.05299377829263343 0.7610907604711108 0.18591546117424415
0.10502491208269575 0.057003145173787344 0.7273902318601909 0.21560662289801238
0.10551017142842975 0.06108863266880101 0.6922911482300672 0.24662021902761955
0.10599767287680353 0.06521932070976333 0.656046924342592 0.2787337548691728
0.10648742678727598 0.0693648532700411 0.6189130527398569 0.31172209390731
0.10697944356717108 0.07349563007736716 0.5811452809131533 0.34535908892287626
0.10747373367189901 0.07758298426777528 0.5429978584722823 0.37941915717009117
0.10797030760517831 0.08159934538251958 0.5047218638994553 0.41367879062563695
0.1084691759192592 0.08551838726174144 0.4665636193338796 0.44791799331003396
0.10897034921514771 0.08931516053376055 0.42876320069776214 0.4819216386727833
0.10947383814283104 0.09296620953635433 0.3915530493498024 0.5154807410174386
0.10997965340150372 0.09644967363631726 0.3551566903514061 0.5483936359157865
0.11048780573979508 0.09974537303476745 0.3197875613568768 0.5804670655123748
0.11099830595599772 0.10283487925809497 0.2856479551011736 0.6115171655458294
0.11151116489829685 0.1057015706376745 0.2529280774626222 0.641370351806514
0.11202639346500091 0.10833067317530672 0.22180522212855996 0.6698641046051836
0.11254400260477307 0.1107092872759807 0.19244306199400235 0.6968476506418737
0.1130640033168639 0.1128264009043336 0.16499105657975568 0.7221825424310693
0.11358640665134523 0.11467288978714288 0.1395839739713218 0.745743136160507
0.11411122370934484 0.11624150534048393 0.11634152505416523 0.7674169695286096
0.11463846564328245 0.11752685104787379 0.09536810715710366 0.7871050417229144
0.11516814365710655 0.11852534805456671 0.07675265361402916 0.8047219982643701
0.11570026900653263 0.1192351907735583 0.06056858521531197 0.8201962239496128
0.11623485299928238 0.11965629332158662 0.04687385904431812 0.8334698475783289
0.11677190699532392 0.11979022761839092 0.03571110978011148 0.8444986625518229
0.11731144240711314 0.11964015399006073 0.027107878193870182 0.8532519677726723
0.11785347069983637 0.11921074511900166 0.021076921272571124 0.8597123335715842
0.11839800339165385 0.11850810417755044 0.017616598166434013 0.863875297625812
0.11894505205394465 0.1175396779721279 0.0167113259751233 0.8657489960294077
0.11949462831155247 0.11631416590842782 0.01833209925868207 0.8653537348164697
0.12004674384303261 0.1148414255681908 0.022437067080377446 0.8627215073420501
0.12060141038090035 0.11313237566284748 0.028972161356843613 0.857895462977894
0.12115863971187996 0.11119889710139227 0.0378717703035375 0.850929332599708
0.12171844367715551 0.1090537328777075 0.04905945081691332 0.8418868163169259
0.12228083417262228 0.10671038744876853 0.06244867372631294 0.8308409388433379
0.12284582314913953 0.10418302623784884 0.07794359597444792 0.8178733778128519
0.12341342261278461 0.10148637585884779 0.09543985394296144 0.8030737702299241
0.12398364462510793 0.09863562561747898 0.11482537232496727 0.7865390020956974
0.12455650130338941 0.09564633080421002 0.1359811831570705 0.768372486083023
0.12513200482089593 0.09253431825201525 0.15878224985566952 0.7486834319425377
0.12571016740713983 0.08931559458987894 0.18309829135322622 0.7275861141128207
0.12629100134813923 0.08600625758088964 0.2087946016970918 0.7051991407833734
0.1268745189866785 0.08262241089190073 0.23573286075300945 0.6816447284215252
0.12746073272257114 0.07918008260036775 0.26377193194519993 0.6570479855256407
0.12804965501292292 0.07569514770336937 0.2927686432621091 0.6315362091101303
0.12864129837239666 0.07218325485438114 0.3225785480593915 0.605238197165884
0.12923567537347816 0.06865975751482997 0.35305666249657464 0.57828358007191
0.12983279864674355 0.06513964967057771 0.38405817674956905 0.5508021736664414
0.1304326808811274 0.061637506227884734 0.415439137445268 0.5229233564163324
0.13103533482419255 0.05816742816956118 0.4470570990653695 0.49477547285699586
0.13164077328240104 0.05474299251990417 0.47877174236259185 0.46648526521153766
0.13224900912138596 0.05137720713659906 0.5104454581211377 0.43817733483789384
0.13286005526622524 0.04808247031951011 0.5419438948760588 0.4099736349012837
0.133473924701716 0.04487053519955463 0.5731364694765569 0.3819929954215287
0.1340906304726507 0.04175247884654824 0.6038968396424365 0.35435068160906813
0.13471018568409415 0.03873867601216487 0.6341033379122801 0.32715798617361097
0.13533260350166204 0.03583877740368855 0.6636393666221573 0.30052185607174875
0.13595789715180084 0.033061692365550795 0.6923937537798422 0.2745445539514109
0.1365860799220688 0.030415575828951012 0.7202610699124028 0.24932335435419012
0.13721716516141821 0.027907819375153162 0.7471419061669046 0.2249502745519105
0.1378511662804792 0.025545046244986432 0.7729431141275898 0.20151183971936829
0.13848809675184454 0.023333110116092844 0.7975780079883854 0.17908888198517847
0.1391279701103562 0.02127709745993039 0.8209665298746855 0.15775637275236865
0.1397707999533928 0.019381333282942115 0.8430353792561046 0.1375832875448853
0.14041659994115857 0.017649390050075847 0.8637181075197581 0.11863250251078851
0.1410653837969736 0.016084099584273797 0.8829551788915334 0.10096072160117607
0.14171716530756545 0.014687567732392496 0.9006939989971186 0.0846184333436076
0.14237195832336227 0.013461191586143836 0.9168889124426766 0.06964989604008642
0.14302977675878706 0.012405679046151377 0.9315011708753862 0.056093150142983106
0.14369063459255324 0.01152107051778246 0.9444988730458955 0.04398005649616715
0.1443545458679618 0.01080676252918988 0.9558568784520156 0.0333363590738273
0.14502152469319954 0.010261533064662744 0.9655566961807798 0.024181770804555313
0.14569158524163933 0.009883568410067203 0.9735863506010376 0.01653008103369003
0.14636474175214076 0.009670491311590977 0.9799402255763425 0.010389283151488887
0.14704100852935312 0.00961939025423758 0.9846188888813165 0.005761720898410091
0.14772039994401903 0.009726849672382753 0.9876288985050575 0.0026442518508968766
0.1484029304332801 0.009988980911180197 0.9889825925204081 0.0010284265910941262
0.14908861450098357 0.01040145376455187 0.9886978641809407 0.0009006820714086146
0.14977746671799064 0.01095952842293064 0.9867979238890519 0.002242547699152378
0.150469501722486 0.01165808767165235 0.9833110496464532 0.005030862687220999
0.15116473422028887 0.012491669188992607 0.9782703275672378 0.009238003243260457
0.15186317898516555 0.013454497801104632 0.9717133839909649 0.014832118201610376
0.15256485085914342 0.014540517559589078 0.9636821106894087 0.021777371738892548
0.1532697647528263 0.0157434235160071 0.9542223846110952 0.030034191855026787
0.15397793564571127 0.017056693076269846 0.9433837835540934 0.03955952334608749
0.1546893785865069 0.018473616826495544 0.931219299100872 0.050307084043477425
0.15540410869345317 0.01998732873053462 0.9177850480901658 0.06222762314463211
0.1561221411546428 0.021590835607898925 0.9031399838381471 0.07526918051386748
0.15684349122834385 0.02327704580925357 0.88734560825833 0.08937734588711094
0.1575681742433239 0.025038797014886486 0.870465685963535 0.10449551697110834
0.1582962055991761 0.026868883089710725 0.8525659613689146 0.12056515548592332
0.15902760076664596 0.028760079936149537 0.8337138797454982 0.13752604025805007
0.15976237528796056 0.030705170294004186 0.813978313109743 0.1553165165313288
0.16050054477715858 0.032696967443702804 0.7934292917649242 0.17387374072194
0.16124212492042203 0.034728337776535036 0.7721377422461109 0.1931339199036948
0.16198713147640983 0.036792222202212156 0.7501752323517056 0.21303254536836086
0.16273558027659238 0.03888165637072819 0.7276137238828904 0.23350461966484076
0.16348748722558828 0.04098978969159572 0.7045253336453084 0.2544848765778735
0.1642428683015022 0.04310990313954407 0.6809821032076896 0.2759079935641509
0.16500173955626418 0.04523542584119726 0.6570557778489508 0.29770879621806773
0.16576411711597122 0.04735995044263302 0.6328175950686111 0.3198224543940462
0.1665300171812294 0.04947724726250467 0.6083380829764248 0.3421846696637097
0.16729945602749863 0.051581277240039206 0.5836868688231388 0.36473185383700857
0.16807245000543827 0.05366620369148014 0.5589324978814072 0.3874012983250881
0.1688490155412545 0.05572640289239395 0.5341422628347766 0.41013133416884734
0.16962916913704965 0.05775647350692272 0.5093820437851322 0.4328614826023078
0.17041292737117256 0.059751244888281825 0.4847161589426711 0.4555325960619487
0.17120030689857116 0.06170578427784384 0.46020722601972314 0.4780869895941443
0.17199132445114623 0.06361540293269984 0.43591603430793846 0.500468562650156
0.1727859968381069 0.0654756612140787 0.4119014273810127 0.5226229112950166
0.17358434094632802 0.06728237267103533 0.3882201963286438 0.5444974308899804
0.17438637374070884 0.06903160715562913 0.3649269833941323 0.5660414093396818
0.17519211226453366 0.07071969300740712 0.34207419585730786 0.5872061110248041
0.17600157363983396 0.0723432183462565 0.3197119299757104 0.607944851567804
0.1768147750677521 0.07389903151385799 0.2978879047714696 0.6282130636050106
0.17763173382890704 0.07538424070463327 0.2766474054266346 0.6479683537598021
0.17845246728376146 0.07679621282794628 0.2560332360296291 0.6671705510344375
0.1792769928729908 0.07813257164349263 0.23608568139506575 0.6857817468546771
0.18010532811785354 0.07939119521219172 0.21684247766303902 0.703766327019406
0.18093749062056397 0.08057021270495685 0.1983387913689115 0.7210909958223886
0.18177349806466597 0.08166800061146702 0.18060720666155658 0.7377247926250329
0.18261336821540874 0.08268317839096284 0.16367772033745698 0.753639101171637
0.18345711892012465 0.0836146036065311 0.14757774434877313 0.7688076519469124
0.18430476810860794 0.08446136658392098 0.13233211543648757 0.7832065178842236
0.18515633379349627 0.08522278463512192 0.1179631115339002 0.7968141037381029
0.18601183407065336 0.08589839588638341 0.10449047458224668 0.809611129441167
0.1868712871195532 0.08648795274917828 0.09193143939727133 0.8215806077661773
0.18773471120366678 0.08699141507195185 0.08030076822508973 0.8327078166186325
0.18860212467084989 0.08740894300922572 0.06961079062573632 0.8429802662838441
0.1894735459537333 0.08774088964370408 0.059871448324617875 0.8523876619537192
0.19034899357011428 0.08798779339567682 0.051090344674707015 0.860921861855024
0.19122848612334994 0.08815037025292158 0.0432727983763453 0.8685768312996166
0.19211204230275297 0.0882295058530125 0.03642190110633282 0.8753485929731079
0.19299968088398836 0.08822624744861476 0.030538578713799155 0.8812351737737215
0.19389142072947277 0.08814179578502661 0.025621655646982336 0.8862365485078624
0.1947872807887751 0.08797749691792396 0.021667922282455336 0.8903545807433335
0.19568728009901915 0.0877348339978048 0.018672204836386555 0.8935929611134252
0.19659143778528843 0.08741541904637783 0.016627437546161146 0.895957143358995
0.19749977306103217 0.08702098474868396 0.015524736819883466 0.8974542783870021
0.198412305228474 0.08655337628334103 0.015353477060977701 0.8980931466152993
0.199329053679022 0.08601454321208743 0.016101367885262827 0.8978840888663128
0.2002500378936805 0.08540653144827108 0.017754532458262015 0.896838936061254
0.20117527744346456 0.08473147532266849 0.020297586691308225 0.8949709379579165
0.20210479198981532 0.08399158976378969 0.023713719045923804 0.89229469116629
0.20303860128501824 0.08318916260836491 0.027984770707142444 0.8888260666646057
0.20397672517262253 0.08232654705658657 0.03309131589766133 0.8845821370299869
0.20491918358786304 0.08140615428537044 0.039012742116102526 0.8795811035868148
0.20586599655808388 0.08043044623176207 0.04572733009402059 0.873842223666593
0.2068171842031637 0.0794019285573253 0.053212333277648564 0.8673857381614853
0.20777276673594372 0.07832314380338828 0.061444056651755376 0.8602327995453282
0.20873276446265682 0.0771966647457957 0.07039793473418766 0.8524054005244585
0.2096971977833593 0.07602508795678767 0.08004860858079146 0.843926303470767
0.21066608719236435 0.07481102758066493 0.09037000165145201 0.8348189707800943
0.21163945327867745 0.07355710932884532 0.10133539439872881 0.8251074962883906
0.21261731672643405 0.07226596469908153 0.11291749745126434 0.8148165378693729
0.2135996983153389 0.07094022542257651 0.12508852327440492 0.8039712513264162
0.21458661892110784 0.06958251814206726 0.13782025620081972 0.7925972256841017
0.21557809951591134 0.06819545932297842 0.1510841207336083 0.780720419973931
0.21657416116881995 0.0667816503990568 0.16485124803409085 0.7683671016007597
0.21757482504625245 0.06534367315320848 0.17909254051587123 0.7555637863681586
0.21858011241242517 0.06388408533346536 0.19377873447558544 0.7423371802313744
0.21959004462980428 0.06240541650353014 0.20888046069978752 0.7287141228402504
0.2206046431595594 0.06091016412656558 0.22436830299539967 0.7147215329246324
0.22162392956201982 0.05940078988051956 0.24021285459969527 0.7003863555693053
0.22264792549713272 0.05787971620260164 0.25638477243313446 0.6857355114166144
0.22367665272492324 0.0563493230601395 0.2728548291659672 0.6707958478289718
0.22471013310595708 0.05481194494456577 0.28959396307656815 0.6555940920365525
0.225748388601805 0.05326986808487482 0.3065733256861801 0.6401568062890712
0.22679144127550935 0.05172532787653723 0.32376432716115 0.6245103450247911
0.22783931329205317 0.05018050652146694 0.3411386794796808 0.6086808140635852
0.2288920269188309 0.04863753087440733 0.35866843736606385 0.5926940318263736
0.22994960452612187 0.047098470490767506 0.37632603700063205 0.5765754925774161
0.23101206858756557 0.045565335870707914 0.3940843325186587 0.5603503316813303
0.23207944168063888 0.04404007689406476 0.4119166303162051 0.5440432928621705
0.23315174648713652 0.042524581440528994 0.4297967211856063 0.5276786974478945
0.23422900579365236 0.04102067418930545 0.44769891030696835 0.5112804155792281
0.23531124249206403 0.03953011559235374 0.46559804512617176 0.4948718393583438
0.23639847958001944 0.038054601015215184 0.4834695411532611 0.4784758579096114
0.23749074016142502 0.03659576003932796 0.5012894057185573 0.46211483432130845
0.23858804744693726 0.035155155919656345 0.5190342597263048 0.4458105844341794
0.23969042475445546 0.03373428519144834 0.5366813574490262 0.42958435744054146
0.24079789550961758 0.03233457741985306 0.5542086044073575 0.41345681825450986
0.24191048324629777 0.03095739508620067 0.5715945733833381 0.3974480316127638
0.24302821160710672 0.029604033604663755 0.5888185186159087 0.38157744786219894
0.24415110434389398 0.02827572146311948 0.6058603882300154 0.36586389038998646
0.24527918531825238 0.026973620482030714 0.6227008349516491 0.35032554464962734
0.24641247850202572 0.025698826185236237 0.6393212251627566 0.33497994873541154
0.24755100797781748 0.024452368276580365 0.6557036463504283 0.3198439854563746
0.24869479793950316 0.023235211216429495 0.6718309130065607 0.304933875860281
0.24984387269274416 0.022048254892172416 0.6876865710338284 0.2902651741570215
0.25099825665550407 0.020892335376926776 0.7032549007151861 0.27585276399050507
0.25215797435856796 0.01976822577076471 0.7185209183038624 0.2617108560075015
0.25332305044606335 0.01867663711888776 0.7334703762910301 0.24785298667162348
0.254493509675984 0.01761821940131593 0.7480897624088094 0.23429201827067442
0.2556693769207163 0.01659356258877244 0.7623662974258124 0.2210401400654
0.25685067716756704 0.01560319775957351 0.7762879317917605 0.20810887052773266
0.2580374355192954 0.01464759827249484 0.7898433411884452 0.19550906061711523
0.25922967719464557 0.013727180990705757 0.8030219210426293 0.18325089804357247
0.26042742752888304 0.0128423075520259 0.8158137800568941 0.1713439124668085
0.261630711974333 0.01199328568089087 0.8282097328125364 0.15979698158094038
0.262839556100921 0.011180370537598105 0.8402012914998811 0.14861833803550925
0.26405398559671656 0.010403766100508508 0.8517806568274422 0.13781557714348436
0.26527402626847857 0.009663626577094027 0.8629407081642205 0.1273956653285147
0.2664997040422044 0.008960057839820044 0.8736749929645423 0.11736494926378077
0.26773104496368033 0.008293118883053598 0.8839777155270121 0.10772916565632346
0.268968075199035 0.007662823297316452 0.8938437251359356 0.09849345163129557
0.27021082103529576 0.007069140757371904 0.903268503633481 0.08966235567179562
0.271459308880947 0.006511998520781361 0.9122481524689717 0.08123984907089757
0.27271356526649165 0.005991282933728404 0.9207793792711532 0.07322933785368974
0.2739736168450143 0.005506840941053163 0.9288594839872436 0.06563367512816569
0.2752394903927485 0.005058481597592899 0.936486344631654 0.05845517382502797
0.276511212809645 0.00464597757807732 0.9436584026862803 0.05169561978767204
0.2777888111199438 0.004269066682965443 0.9503746481919624 0.045356285174765275
0.27907231247274816 0.003927453337761632 0.9566346045704461 0.039437942139111094
0.2803617441426016 0.0036208100834837333 0.9624383132137407 0.03394087674768121
0.2816571335300677 0.0033487790560985976 0.9677863178773031 0.028864903108987355
0.28295850816231216 0.003110973452873447 0.9726796489118227 0.02420937767519044
0.28426589569368754 0.002906978983719973 0.9771198073660011 0.01997321368757127
0.2855793239063215 0.0027363553057445575 0.981108748993591 0.016154895735296375
0.2868988207107066 0.002598637439333179 0.9846488681940788 0.012752494398607579
0.28822441414629374 0.00249333716422716 0.9877429819162395 0.009763680948818914
0.28955613238208794 0.0024199443941649215 0.9903943135536569 0.00718574207874902
0.2908940037172466 0.0023779285287710804 0.992606476856614 0.005015594638414729
0.29223805658168167 0.0023667397814950124 0.9943834598874887 0.0032498003520277235
0.2935883195366627 0.00238581048249955 0.9957296090421598 0.001884580493530444
0.29494482127542476 0.0024345563555080185 0.9966496131607427 0.0009158304990639961
0.29630759062377765 0.0025123777677153983 0.9971484877488284 0.000339134495933152
0.2976766565407184 0.0026186609519645017 0.9972315593288683 0.00014977972875161
0.299052048119047 0.0027527792004821963 0.9969044499416047 0.00034277086457041277
0.3004337945859843 0.00291409402955514 0.9961730618143098 0.0009128441598773783
0.3018219253037933 0.0031019563146113833 0.9950435622128057 0.0018544814734198598
0.3032164697704031 0.003315707395254492 0.9935223684927901 0.0031619241098429537
0.30461745762003545 0.003554680149873855 0.9916161333649036 0.004829186480150043
0.3060249186238349 0.003818200039526296 0.989331730386467 0.006850069565972576
0.3074388826905011 0.00410558612085854 0.9866762396925556 0.009218174175610041
0.3088593798669245 0.004416152027900534 0.9836569339774476 0.011926913980712375
0.3102864403388251 0.004749206922630248 0.980281264737102 0.014969528323406906
0.31172009443139304 0.005104056414260424 0.9765568487813703 0.01833909478451288
0.3131603726099344 0.0054800034472685995 0.972491455025593 0.022028541504390788
0.31460730548051713 0.005876349158223767 0.9680929915673079 0.02603065924869738
0.3160609237906225 0.006292393701543505 0.963369493057558 0.030338113212249197
0.3175212584297981 0.00672743704432334 0.9583291083692943 0.03494345455476875
0.318988340430314 0.007180779730469865 0.9529800885717714 0.03983913166324348
0.32046220096782263 0.00765172361436566 0.9473307752121506 0.04501750113610443
0.32194287136202093 0.008139572564367915 0.9413895889100374 0.050470838485295655
0.32343038307731625 0.008643633136460606 0.935165018267529 0.056191348552842114
0.32492476772349443 0.009163215218413567 0.9286656090964398 0.06217117563916116
0.3264260570563922 0.009697632644840826 0.921899953965351 0.06840241334098744
0.3279342829785715 0.010246203783576551 0.9148766820674493 0.07487711409734238
0.3294494775399974 0.010808252093804085 0.9076044494093661 0.081587298442456
0.3309716729387196 0.011383106656409427 0.9000919293213256 0.08852496396513072
0.3325009015215559 0.011970102677049177 0.8923478032885527 0.09568209397452826
0.3340371957847806 0.012568581962434662 0.8843807521022691 0.10305066587273738
0.33558058837481414 0.013177893370359798 0.8761994473293886 0.11062265923499041
0.33713111208891705 0.013797393234017696 0.8678125430992365 0.11839006359882404
0.33868879987588746 0.014426445761153926 0.8592286682045589 0.12634488596378304
0.34025368483676033 0.015064423408624307 0.850456418514611 0.13447915800367383
0.3418258002255118 0.015710707232942798 0.8415043496975704 0.14278494299382055
0.3434051794497651 0.016364687217394754 0.8323809702485915 0.1512543424558809
0.34499185607150085 0.017025762576308275 0.8230947348198564 0.15987950252322186
0.34658586380777023 0.01769334203709788 0.8136540378495912 0.16865262003022669
0.34818723653141115 0.01836684410066652 0.8040672074849429 0.17756594832889738
0.34979600827176854 0.01904569728077981 0.7943424997947877 0.1866118028365743
0.3514122132154174 0.019729340323024015 0.7844880932680168 0.19578256631877283
0.3530358857068886 0.020417222403953526 0.7745120835922742 0.20507069391128177
0.3546670602493997 0.021108803311040224 0.7644224787083123 0.2144687178859153
0.35630577150558734 0.021803553604025243 0.7542271941345816 0.22396925216438188
0.3579520542982443 0.02250095475829893 0.7439340485573823 0.23356499658516647
0.3596059436110594 0.02320049929087431 0.7335507596799683 0.2432487409278451
0.36126747458936065 0.02390169086960402 0.7230849403266718 0.2530133687003393
0.36293668254086253 0.024604044406183773 0.7125440947947659 0.2628518606936143
0.3646136029364157 0.025307086133568055 0.7019356154495872 0.27275729830936835
0.3662982714107615 0.02601035366836323 0.6912667795563824 0.28272286666577
0.36799072376328834 0.026713396058776956 0.6805447463432841 0.2927418574865689
0.36969099595879323 0.02741577381868448 0.6697765542891814 0.3028076717788701
0.3713991241282458 0.028117058948398287 0.6589691186312654 0.3129138223052433
0.37311514456955547 0.02881683494265462 0.6481292290852017 0.3230539358552052
0.3748390937483438 0.029514696786401083 0.6372635477729661 0.3332217553219732
0.37657100829871853 0.030210250938872227 0.6263786073512772 0.3434111415894626
0.3783109250240527 0.030903115306533446 0.6154808093357632 0.35361607523562544
0.38005888089776635 0.03159291920535718 0.6045764226138578 0.3638306580570486
0.38181491306411214 0.032279303312967286 0.5936715821410875 0.37404911442064864
0.3835790588389651 0.0329619196111253 0.5827722878143653 0.38426579244766373
0.3853513557106149 0.03364043131906622 0.5718844035168841 0.39447516503566754
0.3871318413405634 0.03431451281813476 0.5610136563283354 0.40467183072374346
0.3889205535643243 0.03498384956817604 0.5501656358945027 0.4148505144060745
0.3907175303922271 0.03564813801618219 0.5393457939513504 0.42500606789985884
0.3925228100102254 0.03630708549755613 0.5285594439965979 0.43513347037191047
0.3943364307807075 0.03696041013049143 0.5178117611043418 0.44522782862994853
0.3961584312433126 0.03760784070384259 0.507107781876453 0.45528437728323684
0.39798885011574914 0.038249116558907205 0.4964524045255783 0.4652984787778389
0.3998277262946173 0.03888398746551134 0.48585038908423633 0.47526562331145084
0.40167509885623665 0.03951221349277143 0.47530635773464314 0.4851814286326405
0.4035310070574751 0.04013356487493072 0.46482479525437287 0.4950416397296754
0.4053954903365843 0.04074782187258907 0.4544100495721672 0.5048421284131973
0.4072685883140371 0.04135477462971031 0.4440663324293515 0.5145788927978827
0.40915034079336954 0.04195422302673326 0.4337977201417183 0.5242480566875568
0.41104078776202696 0.04254597653009623 0.4236081544569202 0.5338458688680557
0.41293996939221334 0.04312985403852796 0.41350144350295553 0.5433687023127409
0.41484792604174525 0.04370568372635881 0.40348126282265445 0.552813053304383
0.4167646982549096 0.04427330288419843 0.3935511564901116 0.5621755404782788
0.4186903267633245 0.044832557757226194 0.38371453830426916 0.5714529037903084
0.4206248524868058 0.04538330338138603 0.37397469305553893 0.5806420034142347
0.42256831653423577 0.04592540341771897 0.36433477786095464 0.5897398185717823
0.42452076020443724 0.046458729985156724 0.3547978235643611 0.5987434463003123
0.4264822249870511 0.046983163491915364 0.34536673619676617 0.6076501001605025
0.4284527525634174 0.047498592465824344 0.33604429849380396 0.6164571088890207
0.43043238480746215 0.04800491338372305 0.32683317146578567 0.6251619149985785
0.432421163786586 0.04850203050023003 0.3177358960173687 0.6337620733300264
0.43441913176255925 0.04898985567599498 0.30875489461255995 0.6422552495586318
0.4364263311924188 0.04946830820571068 0.29989247298217925 0.6506392186588732
0.43844280472937136 0.049937314646021996 0.29115082187005686 0.6589118633302913
0.44046859522369947 0.050396808643526046 0.28253201881483125 0.667071172387665
0.4425037457236716 0.0508467307630312 0.2740380299641817 0.6751152391184957
0.44454829947645796 0.051287028316241816 0.26567071191845304 0.6830422596107383
0.4466022999290482 0.051717655191009966 0.2574318136006924 0.6908505310534551
0.448665790729176 0.05213857168132033 0.2493229781503166 0.6985384500132853
0.4507388157262458 0.0525497443181181 0.24134574483754437 0.7061045106890754
0.4528214189722644 0.052951145701133774 0.23350155099605704 0.7135473031474147
0.45491364472277795 0.05334275433181812 0.22579173397127056 0.7208655115413907
0.4570155374378114 0.053724554447512896 0.2182175330818149 0.7280579123150536
0.4591271417828141 0.05409653585695019 0.21078009159177427 0.7351233723956099
0.46124850262960865 0.05445869377719621 0.20348045869146683 0.7420608473756316
0.46337966505734385 0.05481102867214127 0.19631959148462613 0.7488693796875348
0.4655206743534538 0.05515354609260474 0.1892983569797638 0.7555480967719386
0.4676715760146191 0.05548625651817149 0.18241753408387343 0.7620962092423128
0.4698324157477346 0.05580917520080086 0.17567781559638312 0.7685130090472166
0.4720032394708801 0.05612232201032366 0.16907981020168808 0.7747978676324936
0.47418409331429606 0.056425721281852324 0.16262404445835893 0.7809502341044826
0.4763750236213645 0.05671940166518732 0.15631096478342277 0.786969633396199
0.4785760769495931 0.057003395976315596 0.15014093943022658 0.792855664438471
0.48078730007160486 0.05727774105095198 0.14411426045807452 0.7986079983361769
0.48300873997613225 0.0575424776002933 0.1382311456925331 0.8042263765526015
0.48524044386901505 0.057797650068933705 0.13249174067478137 0.8097106091019359
0.4874824591742044 0.05804330649504275 0.1268961205988479 0.8150605727520841
0.4897348335347696 0.05827949837278136 0.12144429223538417 0.8202762092380766
0.4919976148139115 0.058506280517075154 0.11613619584098865 0.8253575234885144
0.4942708510959786 0.05872371093066105 0.11097170705174599 0.8303045818645188
0.49655459068748975 0.05893185067352789 0.10595063876015409 0.8351175104135928
0.49884888211816014 0.05913076373471957 0.10107274297435229 0.8397964931386023
0.5011537741419326 0.05932051690651721 0.09633771265874491 0.8443417702827635
0.5034693157380137 0.059501179661062886 0.09174518355524028 0.8487536366322072
0.5057955561119148 0.05967282402933557 0.08729473598414769 0.8530324398354611
0.5081325446964973 0.05983552448262506 0.08298589662420428 0.8571785787425671
0.5104803311530232 0.05998935781637813 0.07881814027083582 0.8611925017626724
0.5128389653722109 0.06013440303649107 0.07479089157211927 0.8650747052417314
0.515208497475294 0.06027074124804808 0.07090352674185703 0.8688257318609669
0.5175889778150881 0.060398455546450826 0.0671553752491354 0.8724461690558144
0.5199804569770599 0.060517630911004705 0.06354572148398661 0.8759366474569612
0.522382985780402 0.060628354100895857 0.060073806398595456 0.879297839353033
0.5247966152791137 0.0607307135535807 0.05673882912370093 0.8825304571758096
0.5272213967630843 0.06082479928557188 0.053539948559808474 0.8856352520082996
0.5296573817591849 0.06091070279559264 0.05047628494286183 0.8886130121158058
0.532104622032362 0.06098851697011236 0.04754692138412279 0.8914645615006455
0.5345631695867379 0.061058335991211854 0.044750905383958955 0.8941907584803681
0.5370330766667166 0.06112025524679031 0.04208725031935525 0.8967924942900466
0.5395143957580919 0.0611743712430852 0.03955493690495069 0.8992706917088024
0.5420071795891653 0.061220781519477435 0.03715291462744045 0.901626303710591
0.5445114811318649 0.061259584565558904 0.034880103153228634 0.9038603121393867
0.5470273536028711 0.061290879740459374 0.032735393709239856 0.9059737264091867
0.5495548504647486 0.06131476719437302 0.030717650436820718 0.9079675822283961
0.5520940254270803 0.06133134779229961 0.028825711718702924 0.9098429403492568
0.5546449324476113 0.06134072303995218 0.027058391479012796 0.9116008853420323
0.5572076257333937 0.0613429950117811 0.025414480456330216 0.9132425243936154
0.5597821597419391 0.06133826628114633 0.02389274744986408 0.9147689861314489
0.5623685891823759 0.06132663985255493 0.022491940538777407 0.9161814194718872
0.564966969016611 0.06130821909595395 0.02121078827475228 0.9174809924932988
0.5675773544604994 0.06128310768305105 0.020048000847904916 0.9186688913337905
0.5701998009850161 0.06125140952564508 0.019002271226168738 0.9197463191137114
0.5728343643174356 0.061213228715891646 0.01807227626827495 0.92071449488216
0.575481100442516 0.06116866946852335 0.01725667781050347 0.9215746525880939
0.5781400656036878 0.061117836064968324 0.016554123727372277 0.9223280400755786
0.5808113163042508 0.06106083279933213 0.015963248966449562 0.9229759181029404
0.5834949093085733 0.06099776392622006 0.015482676557499585 0.9235195593858125
0.5861909016432991 0.06092873361036189 0.015111018596173607 0.9239602476638006
0.5888993505985595 0.060853845878013554 0.014846877202484697 0.9242992767906677
0.5916203137291892 0.06077320457008812 0.014688845454293187 0.9245379498476206
0.5943538488559515 0.060686913297003514 0.014635508296075907 0.9246775782797783
0.5971000140667658 0.060595075395191496 0.0146854434232276 0.9247194810552548
0.5998588677179421 0.06049779388526426 0.01483722214217533 0.9246649838470495
0.6026304684354212 0.060395171431771366 0.01508941020658584 0.9245154182369933
0.6054148751160199 0.060287310304530536 0.015440568629956363 0.9242721209417292
0.6082121469286839 0.06017431234151368 0.015889254474891007 0.923936433060662
0.6110223433157439 0.060056278913233035 0.016434021619365826 0.9235096993453278
0.6138455239941795 0.05993331088859879 0.017073421500291116 0.9229932674898654
0.6166817489568879 0.05980550860223535 0.017806003834699317 0.9223884874427082
0.619531078473958 0.05967297182318005 0.018630317318861157 0.9216967107384487
0.6223935730939529 0.059535799724999394 0.019544910305686763 0.9209192898506694
0.6252692936451952 0.05939409085721969 0.02054833146071977 0.9200575775643045
0.6281583012370603 0.05924794311808542 0.021639130397062105 0.9191129263679563
0.6310606572612736 0.05909745372861025 0.022815858289587886 0.918086687865755
0.6339764233932171 0.058942719207867096 0.02407706846876526 0.9169802122081836
0.6369056615932391 0.05878383534951145 0.025421316994441518 0.915794847541805
0.6398484341079703 0.058620897199473644 0.026847163209925473 0.9145319394772199
0.6428048034716478 0.05845399903485621 0.028353170276747375 0.9131928305758347
0.6457748325074419 0.0582832343439312 0.029937905690398316 0.9117788598540054
0.6487585843287936 0.058108695807229 0.031599941777424014 0.9102913623045651
0.6517561223407543 0.057930475279736236 0.033337856174230324 0.9087316684361282
0.6547675102413334 0.057748663774115944 0.035150232287928254 0.9071011038289433
0.6577928120228521 0.05756335144494172 0.037035659739579896 0.9054009887073035
0.6608320919733025 0.057374627573945 0.038992734790203196 0.9036326375286032
0.6638854146777148 0.05718258055617711 0.041020060749845426 0.9017973585875975
0.6669528450195292 0.056987297887161 0.04311624837013146 0.8998964536371911
0.6700344481819749 0.05678886615090855 0.045279916220578094 0.8979312175238575
0.6731302896494551 0.05658737100883823 0.04750969104904523 0.8959029378383594
0.6762404352089376 0.05638289718953478 0.04980420812665462 0.8938128945809323
0.6793649509513547 0.056175528479353316 0.052162111577531686 0.891662359841083
0.6825039032730068 0.05596534771382289 0.05458205469369299 0.8894525974913184
0.6856573588769723 0.0557524367698196 0.05706270023540578 0.8871848628944827
0.688825384774527 0.05553687655850838 0.05960272071738265 0.8848604026246866
0.6920080482865657 0.05531874701900859 0.062200798681105174 0.8824804542012724
0.695205417045035 0.055098127112787325 0.06485562695365105 0.8800462458358635
0.6984175589943697 0.05487509481869014 0.06756590889325392 0.8775589961911718
0.701644542392936 0.054649727128708456 0.07033035862206641 0.8750199141531956
0.7048864358144834 0.054422100044320236 0.07314770124627681 0.8724301986142518
0.7081433081495994 0.05419228857348461 0.07601667306400715 0.8697910382681857
0.7114152286071763 0.05396036672823999 0.07893602176127922 0.8671036114169918
0.7147022667158804 0.05372640752286175 0.08190450659631304 0.8643690857882103
0.7180044923256299 0.053490482972579995 0.08492089857248865 0.8615886183631275
0.721321975609079 0.053252664092860204 0.08798398060030774 0.8587633552158854
0.7246547870631083 0.05301302089916272 0.09109254764854878 0.8558944313621546
0.7280029975103246 0.05277162240724202 0.09424540688503046 0.8529829706184354
0.7313666781005649 0.05252853663389456 0.09744137780715191 0.8500300854704916
0.7347459003124082 0.05228383059818988 0.10067929236257625 0.8470368769515647
0.7381407359546951 0.05203757032314654 0.10395799506031016 0.8440044345297015
0.7415512571680521 0.05178982083781876 0.1072763430724071 0.8409338360037617
0.7449775364264272 0.051540646179811876 0.11063320632664303 0.8378261474083324
0.7484196465386277 0.0512901093981898 0.11402746759037659 0.8346824229270056
0.7518776606498687 0.05103827255675738 0.11745802254586729 0.8315037048137928
0.7553516522433273 0.0507851967376944 0.12092377985727408 0.8282910233222442
0.7588416951417026 0.05053094204556537 0.1244236612296851 0.8250453966427507
0.7623478635087868 0.05027556761163787 0.12795660146030732 0.8217678308468801
0.7658702318510398 0.05001913159851964 0.13152154848210684 0.8184593198389792
0.7694088750191727 0.0497616912051164 0.13511746340018346 0.815120845315045
0.7729638682097387 0.049503302671870225 0.1387433205210552 0.8117533767282171
0.7765352869667299 0.04924402128625899 0.14239810737505004 0.8083578712606051
0.7801232071831842 0.048983901388588005 0.14608082473216252 0.8049352738019413
0.7837277051027973 0.04872299637801096 0.1497904866114513 0.8014865169340087
0.7873488573215428 0.04846135871879475 0.15352612028426924 0.7980125209211322
0.7909867407893002 0.048199039946820434 0.15728676627155988 0.794514193706576
0.7946414328114888 0.04793609067627602 0.16107147833531857 0.7909924309141033
0.7983130110507128 0.04767256060657645 0.1648793234645734 0.7874481158553057
0.8020015535284098 0.047408498529455965 0.16870938185594567 0.7838821195417729
0.8057071386265094 0.04714395233626047 0.1725607468891059 0.7802953007025585
0.8094298450890991 0.04687896902538845 0.1764325250971872 0.7766885058060885
0.813169752024096 0.0466135947099122 0.18032383613247535 0.7730625690870199
0.8169269389049305 0.046347874625335725 0.184233812727451 0.7694183125773353
0.8207014855722331 0.04608185313750423 0.18816160065144275 0.7657565461418762
0.8244934722355324 0.045815573750638945 0.19210635866300413 0.7620780675179066
0.828302979474957 0.04554907911548977 0.19606725845819245 0.75838366235856
0.8321300882429516 0.04528241103761762 0.20004348461499583 0.754674104280319
0.8359748798659945 0.045015610485768624 0.20403423453395333 0.7509501549139502
0.8398374360463264 0.04474871760034318 0.20803871837516494 0.7472125639588519
0.8437178388636877 0.044481771701972365 0.2120561589919511 0.7434620692410993
0.8476161707770601 0.04421481130016254 0.21608579186115454 0.7396993967744137
0.851532514626422 0.04394787410200547 0.22012686501026504 0.735925260824088
0.855466953634507 0.04368099702098722 0.22417863894170184 0.7321403639743546
0.8594195714085726 0.04341421618581756 0.22824038655403572 0.7283453971978777
0.8633904519421778 0.0431475669493423 0.2323113930606471 0.7245410399284105
0.8673796796169657 0.042881083897492026 0.23639095590572928 0.720727960135814
0.8713873392044594 0.04261480085827468 0.2404783846778663 0.7169068144035287
0.875413515867862 0.04234875091079902 0.24457300102124746 0.7130782480082906
0.8794582951638662 0.04208296639432667 0.24867413854466433 0.7092428950019999
0.8835217630444732 0.04181747891735519 0.2527811427284741 0.7054013782957976
0.8876040058588174 0.0415523193667129 0.2568933708295369 0.7015543097459777
0.8917051103550039 0.041287517916672255 0.2610101917843432 0.6977022902418524
0.8958251636819501 0.04102310403805833 0.2651309861102968 0.6938459097951352
0.8999642533912381 0.04075910650737753 0.2692551458054675 0.6899857476312449
0.9041224674389757 0.04049555341593436 0.2733820742467315 0.6861223722820017
0.9082998941876637 0.04023247217894772 0.2775111860865169 0.6822563416798286
0.912496622408076 0.039969889544645844 0.2816419071481204 0.6783882032531346
0.9167127412811448 0.03970783160336323 0.285773674319894 0.674518494023228
0.9209483403998553 0.03944632379661048 0.28990593544821236 0.6706477407022619
0.925203509771151 0.03918539092611891 0.2940381492293538 0.6667764597921936
0.9294783398178436 0.038925057162869536 0.2981697851004679 0.662905157684938
0.9337729213805378 0.038665346056079665 0.3023003231295512 0.6590343307631976
0.9380873457195601 0.038406280542173946 0.30642925390474074 0.6551644655024492
0.9424217045168976 0.038147882953709494 0.3105560784227811 0.6512960385734959
0.9467760898781474 0.03789017502824966 0.31468030797673996 0.647429516945527
0.9511505943344722 0.037633177917233765 0.31880146404342397 0.6435653579904119
0.9555453108445688 0.037376912194762815 0.3229190781699783 0.6397040095868992
0.9599603327966418 0.03712139786635922 0.3270326918601846 0.6358459102256422
0.9643957540103888 0.036866654377676195 0.3311418564603936 0.6319914891146455
0.9688516687389943 0.03661270062315081 0.3352461330450858 0.6281411662849868
0.9733281716711311 0.03635955495460727 0.33934509230223103 0.6242953526969212
0.9778253579329744 0.03610723518979669 0.343438314418381 0.6204544503461082
0.9823433230902227 0.03585575862088944 0.34752538896371893 0.6166188523701961
0.9868821631501277 0.035605142022900396 0.35160591477697944 0.6127889431554411
0.9914419745635356 0.03535540166205555 0.3556794998503554 0.6089650984434452
0.996022854226935 0.035106553304090085 0.3597457612144019 0.6051476854378585
1.0006248994845184 0.03485861222249132 0.36380432482309377 0.6013370629112277
1.005248208130249 0.034611593206669906 0.3678548254389895 0.5975335813117012
1.009892878409939 0.0343655105700495 0.3718969065183992 0.593737582869397
1.014559009023339 0.03412037815811684 0.3759302200970815 0.5899494017031239
1.0192466991262314 0.033876209356374 0.37995442667593693 0.5861693639264575
1.0239560483325425 0.03363301709823539 0.3839691951071468 0.5823977877538562
1.0286871567164562 0.03339081387284076 0.3879742024805618 0.5786349836063314
1.0334401248145408 0.03314961173280164 0.3919691340105206 0.5748812542169138
1.0382150536278871 0.032909422301869155 0.39595368292305044 0.5711368947357325
1.0430120446242517 0.032670256782537495 0.39992755034365357 0.5674021928349067
1.0478311997402163 0.032432125963552605 0.4038904451853573 0.5636774288127046
1.0526726213833522 0.0321950402273501 0.4078420840373438 0.5599628756973747
1.057536412434397 0.031959009557429134 0.41178219105429165 0.5562587993507528
1.0624226762494413 0.03172404354563544 0.41571049784615033 0.5525654585711421
1.067331516662122 0.03149015139935871 0.41962674336841865 0.5488831051955535
1.0722630379858336 0.03125734194867279 0.42353067381333254 0.5452119842017863
1.0772173450159415 0.031025623653369284 0.4274220425013638 0.5415523338094506
1.08219454303201 0.030795004609940776 0.4313006097737702 0.537904385580916
1.0871947378000397 0.03056549255845325 0.4351661428854627 0.5342683645211055
1.0922180355747135 0.030337094889365847 0.43901841589894125 0.530644489177123
1.0972645431016568 0.03010981865025017 0.4428572095787274 0.5270329717368913
1.1023343676197042 0.02988367055243513 0.44668231128663144 0.5234340181271971
1.1074276168631796 0.029658656977578333 0.4504935148779089 0.5198478281111809
1.1125443990641846 0.029434783984143377 0.45429062059801556 0.5162745953848713
1.1176848229548975 0.029212057313809978 0.45807343498040953 0.5127145076732345
1.1228489977698868 0.028990482397786017 0.4618417707448809 0.509167746825165
1.12803703324843 0.028770064363060087 0.46559544669708086 0.5056344889080983
1.1332490396368469 0.02855080803855357 0.4693342876285939 0.5021149043014884
1.1384851276908399 0.028332717961205775 0.47305812421807913 0.4986091577897386
1.1437454086778511 0.02811579838197117 0.4767667929332002 0.4951174086542126
1.1490299943794253 0.02790005327174172 0.4804601359335118 0.4916398107645006
1.154338997093584 0.027685486327183536 0.4841380009741537 0.48817651266879114
1.1596725296372141 0.027472100976498066 0.48780024131053057 0.48472765768345555
1.165030705348462 0.02725990038510283 0.4914467156039047 0.48129338398180166
1.1704136380891463 0.02704888746123498 0.4950772878279239 0.4778738246819829
1.175821442247174 0.026839064861472296 0.4986918271760317 0.4744691079340073
1.181254232738973 0.026630434996176674 0.5022902079698297 0.47107935700587705
1.1867121250119335 0.02642300003486265 0.5058723095684389 0.4677046903689321
1.19219523504686 0.026216761911486815 0.5094380162787645 0.4643452217822621
1.197703679360439 0.02601172232966497 0.5129872172668535 0.4610010603763539
1.2032375750077118 0.025807882767797028 0.5165198064698504 0.4576723107355542
1.2087970395845646 0.02560524448413611 0.5200356825093659 0.45435907298001627
1.2143821912302257 0.025403808521770307 0.5235347486055307 0.45106144284653804
1.2199931486297748 0.025203575713531854 0.527016912492093 0.44777951176855746
1.225630031016669 0.02500454668682942 0.5304820863324529 0.4445133669552108
1.2312929581752732 0.02480672186841382 0.5339301866367739 0.44126309146961656
1.2369820504434061 0.024610101489062695 0.5373611341799391 0.43802876430613114
1.2426974287148997 0.02441468558819304 0.5407748539204983 0.43481046046671806
1.2484392144421632 0.02422047401841064 0.5441712749207439 0.43160825103656875
1.2542075296387698 0.024027466449972806 0.5475503302674828 0.42842220325857394
1.2600024968820458 0.023835662375193793 0.5509119569940252 0.4252523806071194
1.265824239315677 0.023645061112771256 0.554256096002997 0.4220988428608446
1.2716728806523245 0.023455661812050145 0.5575826919902391 0.41896164617461906
1.2775485451762534 0.023267463457208315 0.5608916933694987 0.4158408431504743
1.283451357745975 0.02308046487138312 0.564183052198272 0.4127364829077944
1.2893814437969002 0.02289466472072476 0.567456724104486 0.40964861115252876
1.2953389293440036 0.0227100615183821 0.5707126682141406 0.40657727024550255
1.3013239409845028 0.022526653628425874 0.5739508470799708 0.40352249926991324
1.3073366059005458 0.022344439269702893 0.5771712266109823 0.40048433409787426
1.3133770518619183 0.022163416519628526 0.58037377600304 0.3974628074561588
1.319445407228755 0.021983583317909155 0.5835584676702348 0.394457948990953
1.3255418009542685 0.02180493747020698 0.5867252771773154 0.39146978533183896
1.331666362587491 0.02162747665173798 0.5898741831730213 0.3884983401548629
1.3378192222760223 0.021451198410810182 0.5930051673243129 0.38554363424476107
1.344000510768803 0.021276100172296867 0.5961182142515296 0.3826056855562861
1.3502103594188861 0.021102179241054238 0.5992133114645335 0.3796845092747564
1.3564489001862325 0.020929432805273696 0.6022904492996625 0.3767801178756834
1.3627162656405143 0.020757857939774617 0.6053496208575602 0.3738925211835305
1.3690125889639286 0.02058745160924451 0.6083908219420766 0.37102172642976444
1.3753380039540328 0.02041821067141605 0.611414050999958 0.3681677383099785
1.3816926450265847 0.0202501318801832 0.6144193090612629 0.36533055904010897
1.3880766472183994 0.020083211888673527 0.617406599681051 0.3625101884120842
1.3944901461902202 0.01991744725224679 0.6203759288814433 0.35970662384832075
1.4009332782295973 0.019752834431455816 0.6233273050950463 0.3569198604557361
1.4074061802537896 0.019589369794939464 0.6262607391088209 0.3541498910787116
1.4139089898126702 0.01942704962226845 0.6291762440090359 0.35139670635137865
1.4204418450916512 0.019265870106738706 0.6320738351270606 0.34866029474913457
1.4270048849146193 0.01910582735810512 0.6349535299857918 0.34594064263923696
1.4335982487468848 0.018946917405274676 0.6378153482472385 0.3432377343308208
1.4402220766981482 0.018789136198939 0.6406593116606399 0.34055155212398636
1.446876509525475 0.01863247961415842 0.6434854440114626 0.3378820763581401
1.4535616886362883 0.01847694345290269 0.6462937710713831 0.3352292854597072
1.4602777560913731 0.01832252344653209 0.6490843205487641 0.3325931559888942
1.4670248546078934 0.018169215258241517 0.6518571220402457 0.3299736626859184
1.4738031275624284 0.01801701448544656 0.6546122069828144 0.32737077851631036
1.480612718994017 0.017865916662132143 0.6573496086069575 0.32478447471566657
1.4874537736072202 0.01771591726114712 0.6600693618903155 0.32221472083353325
1.4943264367751918 0.017567011696454502 0.6627715035121274 0.3196614847766054
1.5012308545427744 0.017419195325342383 0.6654560718086499 0.3171247328513213
1.5081671736295976 0.017272463450588412 0.6681231067292442 0.31460442980571574
1.515135541433198 0.017126811322569446 0.6707726497927787 0.31210053887038514
1.5221361060321512 0.016982234141346933 0.6734047440454506 0.3096130217991051
1.5291690161892164 0.01683872705869645 0.6760194340188335 0.30714183890852664
1.5362344213545016 0.016696285180101165 0.6786167656888705 0.3046869491173093
1.543332471668636 0.01655490356669747 0.6811967864352542 0.30224830998446317
1.550463317965963 0.016414577237193848 0.6837595450021196 0.29982587774729946
1.5576271117777438 0.016275301169731735 0.6863050914586348 0.2974196073583909
1.5648240053353757 0.016137070303724757 0.6888334771610197 0.2950294525222172
1.5720541515736322 0.015999879541643183 0.6913447547145717 0.2926553657308923
1.5793177041339084 0.015863723750775265 0.693838977936968 0.2902972982995302
1.5866148173674879 0.015728597764938873 0.6963162018217209 0.2879552004007722
1.5939456463388226 0.015594496386163939 0.6987764825025841 0.28562902109884875
1.6013103468288257 0.015461414386334815 0.7012198772184599 0.2833187083829649
1.6087090753381854 0.015329346508798867 0.7036464442790212 0.2810242092001293
1.6161419890906892 0.015198287469936953 0.7060562430307963 0.27874546948733786
1.623609246036564 0.01506823196070603 0.7084493338242104 0.276482434203304
1.6311110048558346 0.014939174648138778 0.7108257779807958 0.2742350473594455
1.6386474249616916 0.014811110176816016 0.7131856377613073 0.2720032520504268
1.6462186665038843 0.014684033170303297 0.7155289763342788 0.2697869904840846
1.6538248903721202 0.014557938232559435 0.717855857745386 0.26758620401088284
1.6614662581994855 0.014432819949305365 0.7201663468869965 0.2654008331526794
1.6691429323658802 0.014308672889369023 0.7224605094686443 0.26323081763109296
1.676855076001465 0.014185491605997096 0.7247384119879485 0.2610760963952859
1.6846028529901331 0.014063270638135178 0.7270001217020391 0.2589366076492195
1.6923864279729903 0.013942004511678577 0.7292457065995075 0.25681228887838137
1.7002059663518527 0.013821687740694009 0.7314752353729479 0.2547030768760155
1.708061634292764 0.013702314828617593 0.7336887773922376 0.25260890776894307
1.7159535987295218 0.013583880269413623 0.7358864026778384 0.2505297170426896
1.7238820273672317 0.013466378548714774 0.7380681818750198 0.2484654395662804
1.731847088685866 0.013349804144935595 0.7402341862286839 0.24641600961658128
1.7398489519438454 0.013234151530347588 0.742384487558014 0.2443813609019412
1.7478877871816372 0.013119415172145273 0.7445191582326072 0.242361426585689
1.7559637652253643 0.013005589533471048 0.7466382711482156 0.24035613930888458
1.7640770576904412 0.01289266907442368 0.7487418997034864 0.23836543121278667
1.7722278369852167 0.012780648253037737 0.7508301177769464 0.23638923396079276
1.7804162763146387 0.012669521526242946 0.752902999704676 0.2344274787600234
1.7886425496839364 0.012559283350790795 0.7549606202579897 0.23248009638230377
1.7969068319023134 0.012449928184166957 0.7570030546220781 0.23054701718490514
1.8052092985866683 0.012341450485478942 0.759030378375011 0.2286281711308199
1.8135501261653229 0.0122338447163112 0.7610426674666161 0.22672348780844945
1.821929491881772 0.012127105341573937 0.7630399981987482 0.2248328964511825
1.830347573798451 0.012021226830314423 0.7650224472050214 0.22295632595627154
1.838804550800516 0.011916203656517863 0.7669900914316553 0.2210937049035265
1.847300602599651 0.011812030299881909 0.7689430081184223 0.21924496157352075
1.8558359097378823 0.01170870124657024 0.7708812747799734 0.21741002396540451
1.8644106535914164 0.011606210989948235 0.7728049691877099 0.21558881981438574
1.8730250163744961 0.011504554031297931 0.7747141693520242 0.213781276608824
1.881679181143267 0.011403724880511697 0.7766089535048271 0.21198732160693295
1.8903733317996743 0.011303718056767489 0.7784894000824603 0.2102068818531237
1.8991076530953668 0.011204528089188067 0.7803555877092154 0.2084398841940525
1.9078823306356238 0.011106149517476497 0.7822075951808682 0.20668625529422324
1.9166975508833006 0.011008576892537224 0.7840455014488149 0.20494592165130734
1.9255535011627853 0.010911804777078989 0.785869385604539 0.2032188096111254
1.9344503696639876 0.01081582774619952 0.7876793268643827 0.2015048453822735
1.9433883454463328 0.010720640387952198 0.7894754045546113 0.19980395505041001
1.9523676184427798 0.010626237303897711 0.7912576980969209 0.1981160645922502
1.9613883794638596 0.010532613109638614 0.7930262869942589 0.19644109988923222
1.9704508202017246 0.010439762435338631 0.7947812508169837 0.1947789867408812
1.9795551332342292 0.010347679926223112 0.7965226691892278 0.1931296508778196
1.9887015120290172 0.010256360243068394 0.7982506217757741 0.1914930179745478
1.9978901509476346 0.010165798062670895 0.7999651882689754 0.1898690136618387
2.0071212452496607 0.010075988078306694 0.8016664483763234 0.18825756353893727
2.0163949910968535 0.00998692500017327 0.8033544818080722 0.18665859318541214
2.0257115855573233 0.009898603555816768 0.8050293682651939 0.18507202817272217
2.035071226609718 0.009811018490547335 0.8066911874277372 0.18349779407554384
2.0444741131474307 0.009724164567837933 0.808340018943254 0.18193581648277213
2.0539204449828232 0.009638036569714747 0.8099759424159425 0.1803860210083492
2.0634104228514767 0.00955262929712513 0.8115990373952773 0.17884833330164995
2.072944248416455 0.009467937570305595 0.8132093833659831 0.17732267905785803
2.0825221242725913 0.009383956229124446 0.8148070597372425 0.17580898402784342
2.092144253950791 0.00930068013342117 0.8163921458328881 0.1743071740279608
2.1018108419223562 0.009218104163329627 0.8179647208815289 0.17281717494952656
2.1115220936033365 0.00913622321958807 0.8195248640068119 0.17133891276802932
2.1212782153588883 0.009055032223843582 0.8210726542184464 0.16987231355221322
2.131079414507661 0.00897452611893758 0.8226081704028381 0.16841730347279196
2.140925899326206 0.008894699869186017 0.8241314913144088 0.16697380881103374
2.150817879053397 0.008815548460646245 0.825642695566994 0.1655417559670804
2.1607555638948814 0.008737066901372662 0.827141861625412 0.1641210714680388
2.1707391650275456 0.008659250221663426 0.8286290677973419 0.16271168197587257
2.180768894604001 0.008582093474297505 0.8301043922255292 0.16131351429510032
2.190844965757096 0.00850559173475971 0.831567912879997 0.15992649538023845
2.200967592604437 0.00842974010145734 0.8330197075505736 0.1585505523430689
2.211136990252949 0.008354533695925766 0.8344598538395371 0.15718561245967944
2.2213533748034413 0.008279967663028832 0.8358884291548153 0.15583160317737238
2.231616963355197 0.008206037171144428 0.8373055107028263 0.15448845212128157
2.241927974010594 0.008132737412346165 0.8387111754820861 0.15315608710089387
2.252286625879729 0.008060063602572498 0.8401055002765299 0.15183443611630223
2.2626931390850844 0.00798801098178988 0.841488561649327 0.1505234273643325
2.2731477347661997 0.007916574814147521 0.842860435936886 0.14922298924448024
2.283650635084372 0.007845750388122017 0.8442211992428064 0.14793305036464266
2.294202063227379 0.007775533016656142 0.8455709274322637 0.1466535395467074
2.3048022434142164 0.007705918037289231 0.8469096961264567 0.1453843858319657
2.3154514008998692 0.007636900812278417 0.8482375806971174 0.14412551848632718
2.326149761980094 0.007568476728717107 0.849554656261618 0.1428768670054562
2.3368975539962302 0.007500641198639135 0.8508609976775668 0.14163836111961942
2.3476950053400296 0.007433389659123251 0.8521566795382778 0.14040993079850844
2.3585423454585084 0.0073667175723845365 0.8534417761677842 0.13919150625580007
2.369439804858826 0.007300620425863637 0.8547163616165111 0.1379830179536425
2.3803876151131838 0.0072350937323072346 0.8559805096567956 0.13678439660695935
2.391386008863741 0.007170133029842293 0.8572342937786764 0.13559557318760676
2.4024352198275656 0.0071057338820443815 0.8584777871857704 0.13441647892839764
2.413535482801591 0.0070418918779990335 0.8597110627912463 0.13324704532696605
2.424687033667617 0.006978602632360523 0.8609341932143456 0.13208720414956354
2.435890109397315 0.006915861785399073 0.862147250776322 0.13093688743461032
2.447144948057264 0.006853665003047351 0.863350307497127 0.12979602749620595
2.458451788814014 0.0067920079769396196 0.8645434350920032 0.12866455692748185
2.46981087193916 0.006730886424445202 0.8657267049682061 0.1275424086038193
2.4812224388144575 0.0066702960886971426 0.8669001882218327 0.12642951568595112
2.4926867319369466 0.0066102327386168445 0.8680639556349913 0.12532581162296635
2.5042039949241044 0.006550692168929862 0.8692180776725558 0.12423123015512072
2.5157744725190265 0.006491670200182931 0.8703626244798327 0.12314570531664984
2.52739841059562 0.006433162678750234 0.8714976658795631 0.12206917143834664
2.5390760561638364 0.0063751654768403505 0.872623271369756 0.12100156315014127
2.5508076573749165 0.006317674492493034 0.8737395101208365 0.11994281538345077
2.5625934635266647 0.006260685649577475 0.8748464509737178 0.11889286337353995
2.5744337250687472 0.0062041948977820645 0.8759441624374014 0.11785164266169976
2.586328693608009 0.006148198212602079 0.8770327126869643 0.11681908909735568
2.5982786219138294 0.006092691595322922 0.8781121695615692 0.11579513884007221
2.610283763923487 0.006037671072998584 0.8791826005625147 0.11477972836144702
2.622344374747558 0.005983132698428802 0.8802440728516671 0.11377279444694911
2.6344607106753366 0.0059290725501280365 0.8812966532493742 0.11277427419758237
2.6466330291802804 0.005875486732296295 0.8823404082332909 0.11178410503156486
2.6588615889254843 0.005822371374781564 0.8833754039365522 0.11080222468581867
2.6711466497691756 0.005769722633043166 0.8844017061466534 0.10982857121745865
2.6834884727702377 0.0057175366881084475 0.8854193803039954 0.10886308300513206
2.695887320193751 0.005665809746526393 0.8864284915004415 0.10790569875027474
2.7083434555165757 0.005614538040322133 0.8874291044786317 0.10695635747836313
2.7208571434329447 0.00556371782694239 0.8884212836304187 0.10601499853997097
2.7334286498600897 0.005513345389203828 0.8894050929963191 0.10508156161186054
2.746058241943894 0.005463417035233805 0.8903805962642944 0.10415598669790507
2.7587461880645625 0.005413929098411444 0.8913478567690396 0.10323821412999527
2.771492757842334 0.005364877937305023 0.8923069374912946 0.10232818456885795
2.7842982221432053 0.005316259935606689 0.8932579010571088 0.10142583900479442
2.7971628530846884 0.005268071502064045 0.8942008097371442 0.10053111875834472
2.8100869240415935 0.005220309070410728 0.8951357254462584 0.09964396548090797
2.823070709651834 0.005172969099293858 0.8960627097430333 0.09876432115528218
2.8361144858222715 0.005126048072199028 0.8969818238293334 0.09789212809613522
2.849218529734569 0.005079542497372732 0.8978931285499092 0.09702732895040922
2.862383119851089 0.005033448907744582 0.898796684392298 0.0961698666976926
2.8756085359208066 0.004987763860844387 0.8996925514863835 0.0953196846504842
2.8888950589852516 0.004942483938721206 0.9005807896046111 0.09447672645446448
2.9022429713844886 0.004897605747854961 0.9014614581613354 0.09364093608861028
2.9156525567631104 0.004853125919072877 0.902334616213403 0.09281225786537778
2.9291241000762676 0.004809041107458012 0.9032003224596937 0.09199063643071727
2.942657887595725 0.004765347992260289 0.9040586352414993 0.09117601676411494
2.9562542069159385 0.004722043276804105 0.9049096125426002 0.09036834417854685
2.969913346960178 0.0046791236883930295 0.9057533119892007 0.08956756432036067
2.9836355979866562 0.004636585978216779 0.9065897908505994 0.08877362316918103
2.997421251594704 0.004594426921252401 0.9074191060390869 0.08798646703768255
3.0112706007309638 0.004552643316166657 0.9082413141104562 0.08720604257136892
3.0251839396956104 0.004511231985217293 0.9090564712645176 0.08643229674831114
3.0391615641486145 0.004470189774149932 0.9098646333451605 0.08566517687878164
3.0532037711160194 0.004429513552097263 0.9106658558410876 0.08490463060491533
3.0673108589962528 0.004389200211475495 0.9114601938863368 0.08415060590029877
3.0814831275664707 0.00434924666787939 0.9122477022607873 0.08340305106951437
3.0957208779889216 0.004309649859975619 0.9130284353905711 0.08266191474763258
3.110024412817355 0.00427040674939771 0.913802447349091 0.08192714589971814
3.124394036003445 0.0042315143206364285 0.9145697918573599 0.08119869382023115
3.1388300529032493 0.004192969580931733 0.915330522284868 0.08047650813243808
3.1533327702837024 0.004154769560162952 0.9160846916503537 0.07976053878777412
3.1679024963291247 0.004116911310737295 0.916832352622408 0.07905073606515224
3.182539540647785 0.004079391907479453 0.917573557520559 0.07834705057028109
3.197244214278469 0.0040422084475182155 0.9183083583159032 0.0776494332349023
3.212016829697095 0.004005358050174169 0.9190368066321779 0.07695783531603771
3.2268577008233503 0.003968837856844551 0.919758953746373 0.07627220839515839
3.2417671430273614 0.00393264503089057 0.9204748505901343 0.07559250437739186
3.2567454731364007 0.003896776757520306 0.921184547750288 0.0749186754906207
3.2717930094416157 0.003861230243674248 0.9218880954701651 0.07425067428462104
3.286910071704792 0.003826002717908121 0.9225855436504364 0.0735884536301287
3.302096981165152 0.0037910914302764606 0.9232769418502943 0.07293196671790503
3.3173540605461733 0.0037564936522150754 0.9239623392885526 0.0722811670577676
3.3326816340624563 0.0037222066764225777 0.9246417848445536 0.07163600847758289
3.348080027426609 0.003688227816742893 0.9253153270595628 0.0709964451222656
3.3635495678561678 0.0036545544080461134 0.9259830141377956 0.0703624314527292
3.3790905840805543 0.0036211838061095706 0.926644893947673 0.06973392224482508
3.394703406348054 0.003588113387497898 0.9273010140228862 0.069110872588249
3.410388366432842 0.003555340549443784 0.9279514215637533 0.06849323788544225
3.4261457976420298 0.0035228627097278536 0.9285961634384683 0.06788097385046528
3.4419760348227473 0.0034906773065581155 0.9292352861842628 0.06727403650784469
3.4578794143692617 0.003458781798449715 0.9298688360088285 0.06667238219141444
3.4738562742301173 0.0034271736641039814 0.9304968587914846 0.06607596754312536
3.4899069539153293 0.0033958504022876673 0.9311194000846105 0.06548474951184866
3.5060317945035897 0.0033648095317116026 0.9317365051148645 0.0648986853521506
3.5222311386495178 0.0033340485909103966 0.9323482187847906 0.06431773262307383
3.538505330590944 0.003303565138119756 0.9329545856737894 0.06374184918686066
3.5548547161562167 0.003273356751156424 0.9335556500398864 0.06317099320771064
3.5712796427715627 0.003243421027296414 0.9341514558210198 0.06260512315049373
3.587780459468462 0.0032137555831528402 0.9347420466362347 0.062044197779441805
3.604357516891067 0.0031843580545555727 0.9353274657874464 0.061488176156860315
3.621011167303657 0.0031552260964288884 0.9359077562605994 0.06093701764179102
3.637741764598114 0.0031263573826713913 0.9364829607274954 0.060390681888702495
3.654549664301455 0.0030977496060328 0.9370531215467566 0.0598491288461109
3.67143522358338 0.0030694004779939846 0.9376182807656072 0.0593123187552462
3.6883988012638667 0.003041307728646233 0.938178480121587 0.05878021214869559
3.705440757820784 0.003013469106568227 0.9387337610433663 0.05825276984898558
3.722561455397569 0.0029858823787073854 0.9392841646530159 0.0577299529672408
3.73976125781091 0.00295854533025737 0.9398297317669471 0.05721172290175156
3.7570405305584824 0.002931455764538567 0.9403705028978337 0.056698041336592245
3.774399640826717 0.0029046115028770266 0.9409065182558906 0.05618887024019291
3.791838957498595 0.0028780103844846566 0.9414378177505952 0.055684171863925755
3.809358851161497 0.0028516502663384203 0.9419644409920007 0.05518390874066201
3.8269596941150734 0.002825529023061718 0.9424864272926148 0.05468804368335491
3.8446418603791543 0.002799644546803655 0.9430038156686608 0.05419653978357677
3.8624057257017017 0.002773994747120486 0.9435166448418578 0.05370936041008182
3.8802516675667853 0.002748577550856193 0.9440249532408428 0.05322646920734114
3.898180065202616 0.002723390902024194 0.9445287790029603 0.05274783009409281
3.9161912995895976 0.002698432761688043 0.9450281599755278 0.05227340726185694
3.9342857534684237 0.0026737011078442454 0.9455231337177701 0.051803165173482976
3.952463811348212 0.0026491939353035805 0.9460137375021377 0.05133706856165831
3.9707258595146695 0.0026249092555742874 0.9465000083161026 0.05087508242743917
3.9890722860383123 0.0026008450967444008 0.9469819828636323 0.05041717203875838
4.007503480782702 0.002576999503365071 0.9474596975668185 0.04996330292894001
4.026019835412736 0.0025533705363345593 0.9479331885676299 0.04951344089521556
4.0446217434029705 0.0025299562727811396 0.9484024917291737 0.049067551997211835
4.063309600045972 0.0025067548059486073 0.948867642637717 0.048625602555477404
4.082083802460733 0.0024837642450803834 0.9493286766041155 0.04818755914997263
4.100944749601101 0.0024609827153044303 0.9497856286653238 0.04775338861856498
4.119892842264258 0.0024384083575190517 0.9502385335861272 0.04732305805553324
4.138928483099238 0.0024160393282791712 0.9506874258608683 0.04689653481006892
4.15805207661548 0.002393873799681905 0.9511323397148064 0.04647378648475861
4.1772640291914325 0.002371909959253965 0.9515733091059089 0.04605478093408855
4.196564749083182 0.002350146009838749 0.952010367726438 0.04563948626293581
4.215954646433127 0.0023285801694843955 0.9524435490046989 0.04522787082506905
4.235434133278702 0.0023072106713311197 0.95287288610633 0.0448199032216264
4.255003623561122 0.0022860357635004734 0.9532984119361643 0.04441555229962074
4.27466353313419 0.0022650537089844687 0.9537201591398673 0.044014787150435775
4.2944142797731235 0.0022442627855349894 0.9541381601054532 0.04361757710831564
4.314256283183445 0.0022236612855537482 0.954552446964914 0.043223891748861556
4.334189965009888 0.0022032475159829545 0.9549630515957889 0.042833700887526645
4.354215748845361 0.002183019798196715 0.955370005622999 0.04244697457812479
4.3743340602399545 0.0021629764678919084 0.9557733404201191 0.04206368311131478
4.394545326709976 0.002143115874980727 0.9561730871112194 0.04168379701311157
4.414849977747044 0.00212343638348336 0.9565692765724897 0.04130728704339125
4.435248444827203 0.002103936371420411 0.9569619394335431 0.04093412419438296
4.4557411614201 0.002084614230707429 0.9573511060794736 0.04056427968919618
4.476328562998198 0.0020654683670482976 0.9577368066520466 0.04019772498031313
4.497011087046022 0.0020464971998301884 0.9581190710514322 0.03983443174810821
4.517789173069462 0.0020276991620190527 0.9584979289380131 0.03947437189937075
4.538663262605113 0.002009072700054732 0.9588734097335561 0.039117517565807815
4.5596337992296485 0.001990616273747654 0.9592455426230729 0.03876384110257597
4.580701228569257 0.0019723283561757362 0.959614356556426 0.03841331508680752
4.601865998309109 0.001954207433581423 0.9599798802497258 0.0380659123161303
4.623128558202868 0.0019362520052697287 0.9603421421869659 0.03772160580720304
4.64448936008225 0.0019184605835068861 0.9607011706217035 0.03738036879425478
4.665948857866618 0.0019008316934190405 0.9610569935784404 0.03704217472761604
4.687507507572642 0.0018833638728920513 0.9614096388542962 0.03670699727226651
4.709165767323975 0.0018660556724717477 0.9617591340206129 0.03637481030638506
4.730924097360997 0.0018489056552641664 0.9621055064243174 0.0360455879198922
4.752782960050597 0.0018319123968372616 0.9624487831896146 0.035719304413013124
4.774742819895982 0.001815074485122573 0.9627889912195153 0.03539593429483598
4.79680414354657 0.0017983905203175867 0.9631261571973239 0.035075452281874794
4.818967399807892 0.0017818591147884461 0.9634603075880571 0.03475783329663542
4.841233059651561 0.0017654788929742117 0.9637914686403402 0.03444305246620254
4.86360159622527 0.0017492484912899693 0.9641196663873943 0.034131085120799716
4.8860734848628615 0.0017331665580324652 0.9644449266490889 0.03382190679239217
4.908649203094417 0.0017172317532845015 0.9647672750330021 0.03351549321325971
4.931329230656409 0.0017014427488212182 0.9650867369361134 0.033211820314598545
4.954114049501898 0.001685798228016497 0.9654033375464167 0.032910864225123015
4.977004143810761 0.0016702968857495437 0.9657171018440968 0.032612601269661465
5.0 0.001654937428313064 0.9660280546034477 0.032317007967779
Approximate method computation time: 0.0967 seconds
